intrinsic:
879.8287590775799 0.0 187.52567097442798 
0.0 878.220737989 145.14047604650113 
0.0 0.0 1.0 
distortion:
0.04149140217844285 -12.384457884265453 -0.0019421648612823114 -0.00047891594976654997 381.13368348516127 
