intrinsic:
1735.9260367286404 0.0 660.202672918153 
0.0 1732.4580325838313 519.592919189783 
0.0 0.0 1.0 
distortion:
0.2452674198602744 -11.455604054240384 0.004948271223480951 0.005434155647339655 173.2696345464997 
