intrinsic:
879.8287595229525 0.0 187.52567174701204 
0.0 878.2207383406072 145.1404767790355 
0.0 0.0 1.0 
distortion:
0.04149142907589529 -12.38446046658543 -0.0019421646959078384 -0.0004789156924144705 381.13375010475164 
